Begin PolyList
        Begin Polygon Item=Top Texture=aertracer Flags=1073741824
                Origin   +00016.000000,-00001.999998,+00002.000000
                Normal   +00000.124035,+00000.000000,+00000.992278
                TextureU -00000.122141,+00000.992395,+00000.015268
                TextureV -00000.984732,-00000.123092,+00000.123092
                Pan      U=0 V=0
                Vertex   +00016.000000,-00001.999998,+00002.000000
                Vertex   +00024.000000,-00000.999998,+00000.999999
                Vertex   +00024.000000,+00001.000002,+00000.999999
                Vertex   +00016.000000,+00002.000001,+00002.000000
        End Polygon
        Begin Polygon Item=Top Texture=aertracer Flags=1073741824
                Origin   +00016.000000,+00002.000001,-00002.000000
                Normal   +00000.124035,-00000.000000,-00000.992278
                TextureU -00000.122141,-00000.992395,-00000.015267
                TextureV -00000.984732,+00000.123091,-00000.123091
                Pan      U=0 V=0
                Vertex   +00016.000000,+00002.000001,-00002.000000
                Vertex   +00024.000000,+00001.000002,-00001.000001
                Vertex   +00024.000000,-00000.999998,-00001.000000
                Vertex   +00016.000000,-00001.999999,-00001.999999
        End Polygon
        Begin Polygon Item=Top Texture=aertracer Flags=1073741824
                Origin   +00016.000000,+00002.000001,+00002.000000
                Normal   +00000.124035,+00000.992278,-00000.000000
                TextureU -00000.122141,+00000.015268,-00000.992395
                TextureV -00000.984732,+00000.123091,+00000.123092
                Pan      U=0 V=0
                Vertex   +00016.000000,+00002.000001,+00002.000000
                Vertex   +00024.000000,+00001.000002,+00000.999999
                Vertex   +00024.000000,+00001.000002,-00001.000001
                Vertex   +00016.000000,+00002.000001,-00002.000000
        End Polygon
        Begin Polygon Item=Top Texture=aertracer Flags=1073741824
                Origin   +00016.000000,-00001.999999,-00001.999999
                Normal   +00000.124035,-00000.992278,+00000.000000
                TextureU -00000.122141,-00000.015267,+00000.992395
                TextureV -00000.984732,-00000.123092,-00000.123091
                Pan      U=0 V=0
                Vertex   +00016.000000,-00001.999999,-00001.999999
                Vertex   +00024.000000,-00000.999998,-00001.000000
                Vertex   +00024.000000,-00000.999998,+00000.999999
                Vertex   +00016.000000,-00001.999998,+00002.000000
        End Polygon
        Begin Polygon Item=Top Texture=aertracer Flags=1073741824
                Origin   +00016.000000,-00001.999999,-00001.999999
                Normal   -00000.020829,-00000.000000,-00000.999783
                TextureU +00000.020820,+00000.999783,-00000.000434
                TextureV +00000.999566,-00000.020824,-00000.020824
                Pan      U=0 V=0
                Vertex   +00016.000000,-00001.999999,-00001.999999
                Vertex   -00040.000000,-00000.833337,-00000.833334
                Vertex   -00040.000000,+00000.833330,-00000.833333
                Vertex   +00016.000000,+00002.000001,-00002.000000
        End Polygon
        Begin Polygon Item=Top Texture=aertracer Flags=1073741824
                Origin   +00016.000000,+00002.000001,-00002.000000
                Normal   -00000.020829,+00000.999783,-00000.000000
                TextureU +00000.020820,+00000.000434,+00000.999783
                TextureV +00000.999566,+00000.020824,-00000.020824
                Pan      U=0 V=0
                Vertex   +00016.000000,+00002.000001,-00002.000000
                Vertex   -00040.000000,+00000.833330,-00000.833333
                Vertex   -00040.000000,+00000.833330,+00000.833333
                Vertex   +00016.000000,+00002.000001,+00002.000000
        End Polygon
        Begin Polygon Item=Top Texture=aertracer Flags=1073741824
                Origin   +00016.000000,+00002.000001,+00002.000000
                Normal   -00000.020829,-00000.000000,+00000.999783
                TextureU +00000.020820,-00000.999783,+00000.000434
                TextureV +00000.999566,+00000.020824,+00000.020824
                Pan      U=0 V=0
                Vertex   +00016.000000,+00002.000001,+00002.000000
                Vertex   -00040.000000,+00000.833330,+00000.833333
                Vertex   -00040.000000,-00000.833337,+00000.833333
                Vertex   +00016.000000,-00001.999998,+00002.000000
        End Polygon
        Begin Polygon Item=Top Texture=aertracer Flags=1073741824
                Origin   +00016.000000,-00001.999998,+00002.000000
                Normal   -00000.020829,-00000.999783,+00000.000000
                TextureU +00000.020820,-00000.000434,-00000.999783
                TextureV +00000.999566,-00000.020824,+00000.020824
                Pan      U=0 V=0
                Vertex   +00016.000000,-00001.999998,+00002.000000
                Vertex   -00040.000000,-00000.833337,+00000.833333
                Vertex   -00040.000000,-00000.833337,-00000.833334
                Vertex   +00016.000000,-00001.999999,-00001.999999
        End Polygon
        Begin Polygon Texture=aertracer Flags=1073741824
                Origin   +00024.000000,-00007.999998,-00008.000000
                Normal   +00001.000000,+00000.000000,+00000.000000
                TextureU -00000.000000,+00001.000000,+00000.000000
                TextureV +00000.000000,+00000.000000,-00001.000000
                Pan      U=0 V=0
                Vertex   +00024.000000,+00001.000002,+00000.999999
                Vertex   +00024.000000,-00000.999998,+00000.999999
                Vertex   +00024.000000,-00000.999998,-00001.000000
                Vertex   +00024.000000,+00001.000002,-00001.000001
        End Polygon
        Begin Polygon Texture=aertracer Flags=1073741824
                Origin   -00040.000000,+00015.999996,-00008.000000
                Normal   -00001.000000,+00000.000000,+00000.000000
                TextureU +00000.000000,-00001.000000,+00000.000000
                TextureV +00000.000000,+00000.000000,-00001.000000
                Pan      U=0 V=0
                Vertex   -00040.000000,+00000.833330,+00000.833333
                Vertex   -00040.000000,+00000.833330,-00000.833333
                Vertex   -00040.000000,-00000.833337,-00000.833334
                Vertex   -00040.000000,-00000.833337,+00000.833333
        End Polygon
End PolyList
