Begin PolyList
        Begin Polygon Texture=steel01 Flags=1073741832
                Origin   -00048.000000,+00018.000000,+00018.000000
                Normal   +00001.000000,+00000.000000,+00000.000000
                TextureU +00000.000000,+00000.000000,-00002.000000
                TextureV +00000.000000,+00002.000000,+00000.000000
                Pan      U=0 V=0
                Vertex   -00048.000000,+00018.000000,-00018.000000
                Vertex   -00048.000000,+00018.000000,-00010.690833
                Vertex   -00048.000000,+00000.354216,-00018.000000
        End Polygon
        Begin Polygon Texture=MCMETL Flags=1073741832
                Origin   -00048.000000,-00008.923308,-00011.733778
                Normal   +00000.000000,-00000.773010,+00000.634393
                TextureU +00000.000000,+00000.634393,+00000.773010
                TextureV -00001.000000,-00000.000000,-00000.000000
                Pan      U=0 V=0
                Vertex   +00080.000000,+00007.570923,+00008.364502
                Vertex   +00080.000000,+00011.377281,+00013.002563
                Vertex   -00048.000000,+00011.377281,+00013.002563
                Vertex   -00048.000000,+00007.570923,+00008.364502
        End Polygon
        Begin Polygon Texture=MCMETL Flags=1073741832
                Origin   -00048.000000,+00017.020771,-00005.601458
                Normal   +00000.000000,-00000.290283,-00000.956941
                TextureU +00000.000000,-00000.956940,+00000.290285
                TextureV -00001.000000,-00000.000000,-00000.000000
                Pan      U=0 V=0
                Vertex   +00080.000000,-00007.859688,+00001.945908
                Vertex   +00080.000000,-00013.601330,+00003.687607
                Vertex   -00048.000000,-00013.601330,+00003.687607
                Vertex   -00048.000000,-00007.859688,+00001.945908
        End Polygon
        Begin Polygon Texture=MCMETL Flags=1073741832
                Origin   -00048.000000,-00013.601330,+00003.687607
                Normal   +00000.000000,-00000.956940,+00000.290285
                TextureU +00000.000000,+00000.290284,+00000.956940
                TextureV -00001.000000,-00000.000000,-00000.000000
                Pan      U=0 V=0
                Vertex   +00080.000000,-00013.601330,+00003.687607
                Vertex   +00080.000000,-00013.020760,+00005.601494
                Vertex   -00048.000000,-00013.020760,+00005.601494
                Vertex   -00048.000000,-00013.601330,+00003.687607
        End Polygon
        Begin Polygon Texture=MCMETL Flags=1073741832
                Origin   -00048.000000,-00013.020760,+00005.601494
                Normal   +00000.000000,+00000.290284,+00000.956940
                TextureU +00000.000000,+00000.956940,-00000.290284
                TextureV -00001.000000,-00000.000000,-00000.000000
                Pan      U=0 V=0
                Vertex   +00080.000000,-00013.020760,+00005.601494
                Vertex   +00080.000000,-00007.279121,+00003.859787
                Vertex   -00048.000000,-00007.279121,+00003.859787
                Vertex   -00048.000000,-00013.020760,+00005.601494
        End Polygon
        Begin Polygon Texture=MCMETL Flags=1073741832
                Origin   -00048.000000,-00007.859688,+00001.945908
                Normal   +00000.000000,+00000.956940,-00000.290284
                TextureU +00000.000000,+00000.290284,+00000.956940
                TextureV -00001.000000,-00000.000000,-00000.000000
                Pan      U=0 V=0
                Vertex   +00080.000000,-00007.279121,+00003.859787
                Vertex   +00080.000000,-00007.859688,+00001.945908
                Vertex   -00048.000000,-00007.859688,+00001.945908
                Vertex   -00048.000000,-00007.279121,+00003.859787
        End Polygon
        Begin Polygon Texture=MCMETL Flags=1073741832
                Origin   +00080.000000,-00013.020760,+00005.601494
                Normal   +00001.000000,+00000.000000,+00000.000000
                TextureU +00000.000000,+00000.956940,-00000.290284
                TextureV +00000.000000,+00000.290284,+00000.956940
                Pan      U=0 V=0
                Vertex   +00080.000000,-00007.279121,+00003.859787
                Vertex   +00080.000000,-00013.020760,+00005.601494
                Vertex   +00080.000000,-00013.601330,+00003.687607
                Vertex   +00080.000000,-00007.859688,+00001.945908
        End Polygon
        Begin Polygon Texture=MCMETL Flags=1073741832
                Origin   -00048.000000,+00006.750717,-00008.856110
                Normal   +00000.000000,-00000.382682,+00000.923880
                TextureU +00000.000000,-00000.923879,-00000.382684
                TextureV -00001.000000,-00000.000000,-00000.000000
                Pan      U=0 V=0
                Vertex   +00080.000000,+00004.902954,-00009.621475
                Vertex   +00080.000000,+00006.750717,-00008.856110
                Vertex   -00048.000000,+00006.750717,-00008.856110
                Vertex   -00048.000000,+00004.902954,-00009.621475
        End Polygon
        Begin Polygon Texture=MCMETL Flags=1073741832
                Origin   +00080.000000,+00012.923302,+00011.733780
                Normal   +00001.000000,+00000.000000,+00000.000000
                TextureU +00000.000000,-00000.634393,-00000.773011
                TextureV +00000.000000,+00000.773010,-00000.634393
                Pan      U=0 V=0
                Vertex   +00080.000000,+00009.116943,+00007.095718
                Vertex   +00080.000000,+00012.923302,+00011.733780
                Vertex   +00080.000000,+00011.377281,+00013.002563
                Vertex   +00080.000000,+00007.570923,+00008.364502
        End Polygon
        Begin Polygon Texture=MCMETL Flags=1073741832
                Origin   -00048.000000,+00011.377281,+00013.002563
                Normal   +00000.000000,+00000.634393,+00000.773010
                TextureU +00000.000000,+00000.773010,-00000.634393
                TextureV -00001.000000,-00000.000000,-00000.000000
                Pan      U=0 V=0
                Vertex   +00080.000000,+00011.377281,+00013.002563
                Vertex   +00080.000000,+00012.923302,+00011.733780
                Vertex   -00048.000000,+00012.923302,+00011.733780
                Vertex   -00048.000000,+00011.377281,+00013.002563
        End Polygon
        Begin Polygon Texture=MCMETL Flags=1073741832
                Origin   -00048.000000,+00012.923302,+00011.733780
                Normal   +00000.000000,+00000.773010,-00000.634393
                TextureU +00000.000000,-00000.634393,-00000.773011
                TextureV -00001.000000,-00000.000000,-00000.000000
                Pan      U=0 V=0
                Vertex   +00080.000000,+00012.923302,+00011.733780
                Vertex   +00080.000000,+00009.116943,+00007.095718
                Vertex   -00048.000000,+00009.116943,+00007.095718
                Vertex   -00048.000000,+00012.923302,+00011.733780
        End Polygon
        Begin Polygon Texture=MCMETL Flags=1073741832
                Origin   -00048.000000,+00007.570923,+00008.364502
                Normal   +00000.000000,-00000.634393,-00000.773011
                TextureU +00000.000000,+00000.773010,-00000.634393
                TextureV -00001.000000,-00000.000000,-00000.000000
                Pan      U=0 V=0
                Vertex   +00080.000000,+00009.116943,+00007.095718
                Vertex   +00080.000000,+00007.570923,+00008.364502
                Vertex   -00048.000000,+00007.570923,+00008.364502
                Vertex   -00048.000000,+00009.116943,+00007.095718
        End Polygon
        Begin Polygon Texture=MCMETL Flags=1073741832
                Origin   -00048.000000,+00009.046822,-00014.399384
                Normal   +00000.000000,+00000.382686,-00000.923879
                TextureU +00000.000000,-00000.923879,-00000.382684
                TextureV -00001.000000,-00000.000000,-00000.000000
                Pan      U=0 V=0
                Vertex   +00080.000000,+00009.046822,-00014.399384
                Vertex   +00080.000000,+00007.199059,-00015.164757
                Vertex   -00048.000000,+00007.199059,-00015.164757
                Vertex   -00048.000000,+00009.046822,-00014.399384
        End Polygon
        Begin Polygon Texture=MCMETL Flags=1073741832
                Origin   +00080.000000,-00003.199059,+00015.164757
                Normal   +00001.000000,+00000.000000,+00000.000000
                TextureU +00000.000000,+00000.382686,-00000.923879
                TextureV +00000.000000,+00000.923879,+00000.382684
                Pan      U=0 V=0
                Vertex   +00080.000000,+00006.750717,-00008.856110
                Vertex   +00080.000000,+00004.902954,-00009.621475
                Vertex   +00080.000000,+00007.199059,-00015.164757
                Vertex   +00080.000000,+00009.046822,-00014.399384
        End Polygon
        Begin Polygon Texture=MCMETL Flags=1073741832
                Origin   -00048.000000,-00003.199072,+00015.164749
                Normal   +00000.000000,+00000.923879,+00000.382684
                TextureU +00000.000000,+00000.382686,-00000.923879
                TextureV -00001.000000,-00000.000000,-00000.000000
                Pan      U=0 V=0
                Vertex   +00080.000000,+00006.750717,-00008.856110
                Vertex   +00080.000000,+00009.046822,-00014.399384
                Vertex   -00048.000000,+00009.046822,-00014.399384
                Vertex   -00048.000000,+00006.750717,-00008.856110
        End Polygon
        Begin Polygon Texture=MCMETL Flags=1073741832
                Origin   -00048.000000,+00007.199059,-00015.164757
                Normal   +00000.000000,-00000.923879,-00000.382684
                TextureU +00000.000000,-00000.382682,+00000.923880
                TextureV -00001.000000,-00000.000000,-00000.000000
                Pan      U=0 V=0
                Vertex   +00080.000000,+00007.199059,-00015.164757
                Vertex   +00080.000000,+00004.902954,-00009.621475
                Vertex   -00048.000000,+00004.902954,-00009.621475
                Vertex   -00048.000000,+00007.199059,-00015.164757
        End Polygon
        Begin Polygon Texture=MWARN2 Flags=1073741832
                Origin   -00080.000000,+00018.000000,-00018.000000
                Normal   +00000.000000,+00000.000000,-00001.000000
                TextureU +00000.000000,-00002.000000,+00000.000000
                TextureV -00002.000000,+00000.000000,+00000.000000
                Pan      U=0 V=0
                Vertex   -00048.000000,+00018.000000,-00018.000000
                Vertex   -00048.000000,-00018.000000,-00018.000000
                Vertex   -00080.000000,-00018.000000,-00018.000000
                Vertex   -00080.000000,+00018.000000,-00018.000000
        End Polygon
        Begin Polygon Texture=MWARN2 Flags=1073741832
                Origin   -00080.000000,-00018.000000,+00018.000000
                Normal   +00000.000000,+00000.000000,+00001.000000
                TextureU +00000.000000,+00002.000000,+00000.000000
                TextureV -00002.000000,+00000.000000,+00000.000000
                Pan      U=0 V=0
                Vertex   -00080.000000,-00018.000000,+00018.000000
                Vertex   -00048.000000,-00018.000000,+00018.000000
                Vertex   -00048.000000,+00018.000000,+00018.000000
                Vertex   -00080.000000,+00018.000000,+00018.000000
        End Polygon
        Begin Polygon Texture=MWARN2 Flags=1073741832
                Origin   -00080.000000,-00018.000000,+00018.000000
                Normal   -00001.000000,-00000.000000,-00000.000000
                TextureU +00000.000000,+00000.000000,-00002.000000
                TextureV +00000.000000,-00002.000000,+00000.000000
                Pan      U=0 V=0
                Vertex   -00080.000000,-00018.000000,-00018.000000
                Vertex   -00080.000000,-00018.000000,+00018.000000
                Vertex   -00080.000000,+00018.000000,+00018.000000
                Vertex   -00080.000000,+00018.000000,-00018.000000
        End Polygon
        Begin Polygon Texture=MWARN2 Flags=1073741832
                Origin   -00080.000000,+00018.000000,+00018.000000
                Normal   +00000.000000,+00001.000000,+00000.000000
                TextureU +00000.000000,+00000.000000,-00002.000000
                TextureV -00002.000000,+00000.000000,+00000.000000
                Pan      U=0 V=0
                Vertex   -00048.000000,+00018.000000,-00018.000000
                Vertex   -00080.000000,+00018.000000,-00018.000000
                Vertex   -00080.000000,+00018.000000,+00018.000000
                Vertex   -00048.000000,+00018.000000,+00018.000000
        End Polygon
        Begin Polygon Texture=MWARN2 Flags=1073741832
                Origin   -00080.000000,-00018.000000,-00018.000000
                Normal   -00000.000000,-00001.000000,-00000.000000
                TextureU +00000.000000,+00000.000000,+00002.000000
                TextureV -00002.000000,+00000.000000,+00000.000000
                Pan      U=0 V=0
                Vertex   -00080.000000,-00018.000000,-00018.000000
                Vertex   -00048.000000,-00018.000000,-00018.000000
                Vertex   -00048.000000,-00018.000000,+00018.000000
                Vertex   -00080.000000,-00018.000000,+00018.000000
        End Polygon
        Begin Polygon Texture=steel01 Flags=1073741832 Link=0
                Origin   -00048.000000,+00018.000000,+00018.000000
                Normal   +00001.000000,+00000.000000,+00000.000000
                TextureU +00000.000000,+00000.000000,-00002.000000
                TextureV +00000.000000,+00002.000000,+00000.000000
                Pan      U=0 V=0
                Vertex   -00048.000000,+00005.567682,-00006.000015
                Vertex   -00048.000000,+00009.046822,-00014.399384
                Vertex   -00048.000000,+00018.000000,-00010.690833
                Vertex   -00048.000000,+00018.000000,-00006.000015
        End Polygon
        Begin Polygon Texture=steel01 Flags=1073741832 Link=0
                Origin   -00048.000000,+00018.000000,+00018.000000
                Normal   +00001.000000,+00000.000000,+00000.000000
                TextureU +00000.000000,+00000.000000,-00002.000000
                TextureV +00000.000000,+00002.000000,+00000.000000
                Pan      U=0 V=0
                Vertex   -00048.000000,-00018.000000,-00006.000008
                Vertex   -00048.000000,-00018.000000,-00018.000000
                Vertex   -00048.000000,-00015.324672,-00018.000000
                Vertex   -00048.000000,+00006.750717,-00008.856110
                Vertex   -00048.000000,+00005.567682,-00006.000015
        End Polygon
        Begin Polygon Texture=steel01 Flags=1073741832 Link=0
                Origin   -00048.000000,+00018.000000,+00018.000000
                Normal   +00001.000000,+00000.000000,+00000.000000
                TextureU +00000.000000,+00000.000000,-00002.000000
                TextureV +00000.000000,+00002.000000,+00000.000000
                Pan      U=0 V=0
                Vertex   -00048.000000,+00007.199059,-00015.164757
                Vertex   -00048.000000,+00004.902954,-00009.621475
                Vertex   -00048.000000,-00015.324672,-00018.000000
                Vertex   -00048.000000,+00000.354216,-00018.000000
        End Polygon
        Begin Polygon Texture=steel01 Flags=1073741832 Link=0
                Origin   -00048.000000,+00018.000000,+00018.000000
                Normal   +00001.000000,+00000.000000,+00000.000000
                TextureU +00000.000000,+00000.000000,-00002.000000
                TextureV +00000.000000,+00002.000000,+00000.000000
                Pan      U=0 V=0
                Vertex   -00048.000000,-00004.217728,-00006.000012
                Vertex   -00048.000000,+00000.277563,-00000.522484
                Vertex   -00048.000000,-00018.000000,+00005.021927
                Vertex   -00048.000000,-00018.000000,-00006.000008
        End Polygon
        Begin Polygon Texture=steel01 Flags=1073741832 Link=0
                Origin   -00048.000000,+00018.000000,+00018.000000
                Normal   +00001.000000,+00000.000000,+00000.000000
                TextureU +00000.000000,+00000.000000,-00002.000000
                TextureV +00000.000000,+00002.000000,+00000.000000
                Pan      U=0 V=0
                Vertex   -00048.000000,-00013.601330,+00003.687607
                Vertex   -00048.000000,-00009.259719,+00018.000000
                Vertex   -00048.000000,-00018.000000,+00018.000000
                Vertex   -00048.000000,-00018.000000,+00005.021927
        End Polygon
        Begin Polygon Texture=steel01 Flags=1073741832 Link=0
                Origin   -00048.000000,+00018.000000,+00018.000000
                Normal   +00001.000000,+00000.000000,+00000.000000
                TextureU +00000.000000,+00000.000000,-00002.000000
                TextureV +00000.000000,+00002.000000,+00000.000000
                Pan      U=0 V=0
                Vertex   -00048.000000,-00013.020760,+00005.601494
                Vertex   -00048.000000,+00001.650875,+00001.150902
                Vertex   -00048.000000,+00015.478577,+00018.000000
                Vertex   -00048.000000,-00009.259719,+00018.000000
        End Polygon
        Begin Polygon Texture=steel01 Flags=1073741832 Link=0
                Origin   -00048.000000,+00018.000000,+00018.000000
                Normal   +00001.000000,+00000.000000,+00000.000000
                TextureU +00000.000000,+00000.000000,-00002.000000
                TextureV +00000.000000,+00002.000000,+00000.000000
                Pan      U=0 V=0
                Vertex   -00048.000000,-00007.279121,+00003.859787
                Vertex   -00048.000000,-00007.859688,+00001.945908
                Vertex   -00048.000000,+00000.277563,-00000.522484
                Vertex   -00048.000000,+00001.650875,+00001.150902
        End Polygon
        Begin Polygon Texture=steel01 Flags=1073741832 Link=0
                Origin   -00048.000000,+00018.000000,+00018.000000
                Normal   +00001.000000,+00000.000000,+00000.000000
                TextureU +00000.000000,+00000.000000,-00002.000000
                TextureV +00000.000000,+00002.000000,+00000.000000
                Pan      U=0 V=0
                Vertex   -00048.000000,+00011.377281,+00013.002563
                Vertex   -00048.000000,+00018.000000,+00007.567459
                Vertex   -00048.000000,+00018.000000,+00018.000000
                Vertex   -00048.000000,+00015.478577,+00018.000000
        End Polygon
        Begin Polygon Texture=steel01 Flags=1073741832 Link=0
                Origin   -00048.000000,+00018.000000,+00018.000000
                Normal   +00001.000000,+00000.000000,+00000.000000
                TextureU +00000.000000,+00000.000000,-00002.000000
                TextureV +00000.000000,+00002.000000,+00000.000000
                Pan      U=0 V=0
                Vertex   -00048.000000,+00018.000000,+00007.567459
                Vertex   -00048.000000,+00012.923302,+00011.733780
                Vertex   -00048.000000,-00001.630444,-00006.000013
                Vertex   -00048.000000,+00018.000000,-00006.000015
        End Polygon
        Begin Polygon Texture=steel01 Flags=1073741832 Link=0
                Origin   -00048.000000,+00018.000000,+00018.000000
                Normal   +00001.000000,+00000.000000,+00000.000000
                TextureU +00000.000000,+00000.000000,-00002.000000
                TextureV +00000.000000,+00002.000000,+00000.000000
                Pan      U=0 V=0
                Vertex   -00048.000000,+00009.116943,+00007.095718
                Vertex   -00048.000000,+00007.570923,+00008.364502
                Vertex   -00048.000000,-00004.217728,-00006.000012
                Vertex   -00048.000000,-00001.630444,-00006.000013
        End Polygon
End PolyList
